548234000230535168
548221711016271873
548216223272804354
548235080574197760
547868616549363713
547635166039265281
547625710115110912
547952052153122816
547881617989971968
547874713578385408
548235662626152448
548234048729251842
548231852704956416
548233571060965376
548218904481652738
548239581800574976
548239112650899457
548207826704015361
548239972873306112
548237091424190466
548237091277373441
548237091256418304
548224077685882880
548203263330238466
548166713884573696
547126390806818816
545941186725552129
545574927920033793
548243608403726337
548242727276929025
548242234026786817
